index,fold,pdbid,mutation,predicted_value,true_value
15,4,1AK4,D:P493A,0.6776193,0.51
17,4,1BJ1,V:F17A,-0.04409927,0.0
43,4,1CZ8,W:I80A,1.6025331,0.95
52,4,1CZ8,W:Q89A,0.88583034,1.06
55,4,1DQJ,B:D32AC:K97A,5.4847355,2.5
62,4,1DQJ,B:Y53AC:W63A,0.54504514,2.2
68,4,1DQJ,C:D101A,2.606873,1.3
72,4,1DQJ,C:N93A,3.4876053,0.6
81,4,1DQJ,B:Y33A,5.1312666,5.5
82,4,1DQJ,B:Y50A,4.5537004,6.9
91,4,1DVF,A:Y49AD:N55A,1.1031556,2.05
94,4,1DVF,B:D100AD:N55A,2.5878987,4.13
98,4,1DVF,B:N56AD:H33A,2.6848612,2.55
106,4,1DVF,A:Y49A,2.0266275,1.64
112,4,1DVF,B:E98A,2.5679848,4.23
113,4,1DVF,B:N56A,1.6076541,1.17
115,4,1DVF,B:T30A,0.9896934,0.92
116,4,1DVF,B:W52A,2.809082,4.17
118,4,1DVF,B:Y32A,2.1562738,1.85
121,4,1DVF,D:H33A,3.544178,1.88
127,4,1DVF,D:Y98A,5.740745,4.79
131,4,1FFW,A:E93K,0.45256996,0.82
135,4,1FFW,A:V108M,0.5502837,1.13
139,4,1JRH,I:A95DI:K98RI:E100K,-0.6113544,-0.06
146,4,1JRH,I:T14V,0.50788105,-0.02
161,4,1JTG,B:D49AA:K234AA:S235AA:S130AA:R243A,1.5124025,1.56
162,4,1JTG,B:D49AA:R243A,1.2740388,1.18
169,4,1JTG,B:D49AA:S235A,1.3824785,1.84
171,4,1JTG,B:D49AA:S235AA:S130A,1.4568608,1.29
173,4,1JTG,A:K234A,0.3209116,0.82
174,4,1JTG,A:R243A,0.32925776,0.56
176,4,1JTG,A:S235A,0.34039074,1.32
177,4,1JTG,B:D49A,1.191355,1.98
181,4,1KTZ,B:E119A,1.8196275,1.4
182,4,1KTZ,B:E119Q,1.3570356,1.7
191,4,1KTZ,B:L27A,1.3612983,1.9
195,4,1KTZ,B:S52A,1.0511886,0.4
199,4,1KTZ,B:V77A,1.5782958,0.5
201,4,1MHP,H:K64EL:S28QL:N52Y,0.6119107,-0.95
207,4,1MHP,H:S35VH:T50VH:G102S,3.6980662,8.0
216,4,1MHP,H:T50VH:K64EL:S28QL:N52Y,1.5252492,-1.04
218,4,1MHP,H:T50VH:S35V,3.6148748,2.73
219,4,1MHP,H:T50VL:S28Q,2.6526928,-0.69
221,4,1MHP,H:Y58EH:H56N,5.247711,8.0
225,4,1MHP,H:F99W,2.9727793,0.0
234,4,1MHP,H:G53A,3.0899947,0.51
242,4,1MHP,H:G54T,4.0985765,1.17
251,4,1MHP,H:S35A,3.8673573,1.58
261,4,1MHP,H:T50V,3.4837608,-0.26
266,4,1MHP,L:G92Q,1.883734,1.58
267,4,1MHP,L:G92S,1.6012366,0.51
273,4,1MHP,L:L49W,2.628879,1.91
274,4,1MHP,L:L49Y,3.2132273,8.0
276,4,1MHP,L:N30V,2.1909428,1.05
285,4,1MHP,L:S24R,2.4277835,-0.07
311,4,1MLC,B:S57V,-1.2143749,-0.49
312,4,1MLC,B:T28D,-0.8966665,-0.15
319,4,1MLC,A:N92A,-0.43313894,-1.25
323,4,1N8Z,A:N30SA:H91FA:Y92WA:T94SB:D98WB:Y100AFB:Y102V,2.890665,0.05
331,4,1N8Z,B:T32A,1.1574854,0.38
333,4,1N8Z,B:W99A,3.936143,8.0
334,4,1N8Z,B:Y105A,4.279539,8.0
352,4,1N8Z,A:T93A,-0.13449359,0.82
357,4,1N8Z,A:Y92F,0.24063559,-0.21
372,4,1T83,A:D265FB:D265FA:N297EB:N297EA:I332EB:I332E,1.250596,2.32
373,4,1T83,A:D265GB:D265G,1.5350305,2.32
376,4,1T83,A:D265YB:D265YA:N297DB:N297DA:T299LB:T299LA:I332EB:I332E,1.2123232,2.32
377,4,1T83,A:D270HB:D270H,0.99810237,2.32
379,4,1T83,A:D270TB:D270T,1.2404784,2.32
383,4,1T83,A:E269NB:E269N,0.7919816,2.32
390,4,1T83,A:E333HB:E333H,-1.1703436,0.17
392,4,1T83,A:F241EB:F241EA:F243QB:F243QA:V262TB:V262TA:V264EB:V264E,0.87894887,1.58
400,4,1T83,A:F241WB:F241W,-0.9121487,0.73
401,4,1T83,A:F241WB:F241WA:F243WB:F243W,-0.37638164,1.58
408,4,1T83,A:F243WB:F243W,-0.5736823,0.4
410,4,1T83,A:I332AB:I332A,0.5109387,0.07
423,4,1T83,A:K326EB:K326E,0.88982487,-0.8
424,4,1T83,A:K326IB:K326I,1.0346862,-0.21
425,4,1T83,A:K326TB:K326T,1.0045897,-0.37
439,4,1T83,A:L328EB:L328EA:I332EB:I332E,0.79234844,0.95
454,4,1T83,A:N276LB:N276L,-0.48694333,-0.04
455,4,1T83,A:N276RB:N276R,-0.30259746,0.25
459,4,1T83,A:N297DB:N297DA:A330YB:A330YA:I332EB:I332E,1.1955214,0.5
463,4,1T83,A:N297DB:N297DA:T299FB:T299FA:I332EB:I332E,1.4325948,2.32
464,4,1T83,A:N297DB:N297DA:T299HB:T299HA:I332EB:I332E,1.2879987,2.32
470,4,1T83,A:N297SB:N297SA:I332EB:I332E,1.4378847,2.32
471,4,1T83,A:N325AB:N325A,0.8997479,1.31
481,4,1T83,A:P244HB:P244HA:P245AB:P245AA:P247VB:P247V,0.17397362,0.04
489,4,1T83,A:S239DB:S239DA:A330YB:A330YA:I332EB:I332EA:K326EB:K326E,-0.6663404,-2.47
491,4,1T83,A:S239DB:S239DA:A330YB:A330YA:I332EB:I332EA:L235DB:L235D,-1.0993534,-1.16
492,4,1T83,A:S239DB:S239DA:A330YB:A330YA:I332EB:I332EA:V240IB:V240I,-1.5724711,-1.98
498,4,1T83,A:S239DB:S239DA:D265TB:D265TA:N297DB:N297DA:I332EB:I332E,1.6436765,2.32
504,4,1T83,A:S239DB:S239DA:I332NB:I332N,-0.8766692,-1.17
508,4,1T83,A:S239DB:S239DA:N297DB:N297DA:I332EB:I332EA:A330YB:A330YA:F241SB:F241SA:F243HB:F243HA:V262TB:V262TA:V264TB:V264T,1.2451864,2.32
513,4,1T83,A:S239EB:S239EA:D265NB:D265N,1.4364967,2.32
517,4,1T83,A:S239EB:S239EA:I332NB:I332N,-0.95963645,-1.47
518,4,1T83,A:S239EB:S239EA:I332QB:I332Q,-1.1077718,-0.79
521,4,1T83,A:S239EB:S239EA:V264IB:V264IA:I332EB:I332E,-0.60152197,-1.62
530,4,1T83,A:S239NB:S239NA:I332QB:I332Q,-0.7646326,0.34
533,4,1T83,A:S239QB:S239QA:I332EB:I332E,-1.2815509,-1.12
543,4,1T83,A:S298AB:S298AA:I332EB:I332E,0.28832284,-1.83
556,4,1T83,A:T299SB:T299S,2.1353838,1.12
558,4,1T83,A:T335DB:T335D,-0.88255966,-0.61
559,4,1T83,A:T335RB:T335R,-0.680511,-0.56
561,4,1T83,A:V240AB:V240A,-0.8661597,0.21
563,4,1T83,A:V240IB:V240IA:V266IB:V266I,0.19305323,-0.32
578,4,1T83,A:V264TB:V264T,0.66164243,-0.6
581,4,1T83,A:V266IB:V266I,1.0110952,-0.37
583,4,1T83,A:V266TB:V266T,1.6167991,0.47
599,4,1T83,A:Y296QB:Y296Q,1.2060283,0.39
602,4,1T83,A:Y296TB:Y296T,0.53615105,2.32
606,4,1VFB,B:W52AC:D119A,1.6090008,2.2
610,4,1VFB,A:W92AC:I124A,2.6226552,3.8
615,4,1VFB,A:Y32AC:Q121A,3.225319,2.6
624,4,1VFB,C:Q121A,2.621758,2.9
631,4,1VFB,B:D54A,1.5085454,1.0
636,4,1VFB,B:G31W,0.6603256,0.01
645,4,1VFB,B:Y101F,1.5845488,1.6
647,4,1VFB,B:Y32E,1.1331363,1.91
650,4,1VFB,A:N31W,1.70933,0.17
651,4,1VFB,A:T52F,1.4031776,0.47
655,4,1VFB,A:Y32W,1.4321746,8.0
667,4,2JEL,P:A82S,0.1811065,0.0
679,4,2JEL,P:E85K,0.029673405,0.0
683,4,2JEL,P:H76A,0.29374078,-0.41
690,4,2JEL,P:N12D,0.38984612,0.0
695,4,2JEL,P:Q57E,0.4057353,-0.41
696,4,2JEL,P:Q71E,1.2844552,2.75
698,4,2JEL,P:R17K,0.4306683,0.0
704,4,2JEL,P:T36Q,0.63434833,0.41
707,4,2JEL,P:T7N,0.095361486,0.41
710,4,2NY7,H:N31HH:V33TH:I34L,-0.40086854,-0.69
712,4,2NY7,H:P97EH:Y98WH:S99G,-0.6006433,-1.23
714,4,2NY7,H:P97EH:Y98WH:S99GH:D100aDH:D100bQH:S100cVH:P100dRH:Q100eY,-1.4843193,-2.26
715,4,2NY7,H:P97EH:Y98WH:S99GH:D100aEH:D100bMH:S100cFH:P100dRH:Q100eY,-2.612336,-2.46
726,4,2NY7,L:S28QL:I28aLL:R29DL:S30GL:R31S,-0.6951306,-2.0
731,4,2NY7,L:V90ML:A93GL:S94FL:S95T,-1.1488276,-1.36
733,4,2NY7,L:V90QL:A93DL:S95L,-1.267101,-1.61
742,4,2NYY,A:D1062A,1.2874777,2.53
743,4,2NYY,A:E920A,0.37769803,2.84
744,4,2NYY,A:F917A,1.5803175,0.42
746,4,2NYY,A:H1064A,2.3699472,7.32
748,4,2NYY,A:K1056A,-0.10056323,-0.03
751,4,2NYY,A:L919A,1.4579896,2.59
753,4,2NYY,A:N954A,0.397053,0.1
759,4,2NYY,A:T1063A,2.0475824,1.62
765,4,2NYY,C:D30Y,0.63359785,0.65
766,4,2NYY,C:H34R,1.4776151,0.1
770,4,2NZ9,A:D1062A,0.9538963,2.34
772,4,2NZ9,A:F917A,1.3464736,-0.05
783,4,2NZ9,A:R1061A,0.3679217,0.29
784,4,2NZ9,A:R1294A,0.5636188,0.39
785,4,2NZ9,A:S902A,-0.33651534,-0.12
789,4,3BDY,H:D98A,-0.31571925,0.0
790,4,3BDY,H:F100A,-0.8901613,0.7
795,4,3BDY,H:N54A,-0.6006626,-0.2
804,4,3BDY,H:Y56A,-0.19547352,0.2
808,4,3BDY,L:H91A,1.236971,2.0
812,4,3BDY,L:R27DA,-0.16572481,-0.2
819,4,3BDY,L:Y32A,-0.40376866,1.7
821,4,3BDY,L:Y92A,-0.34286052,1.4
822,4,3BE1,H:D31A,0.75791514,0.4
828,4,3BE1,H:K30A,-0.14207208,-0.3
829,4,3BE1,H:N54A,0.16800427,-0.8
830,4,3BE1,H:R50A,2.0555236,2.4
833,4,3BE1,H:T53A,-0.7850876,0.1
834,4,3BE1,H:W95A,2.9136777,1.8
840,4,3BE1,L:G31A,0.058359236,0.3
841,4,3BE1,L:G51A,-0.1515783,-0.3
843,4,3BE1,L:I27BA,-0.11882755,-0.2
846,4,3BE1,L:R27DA,-0.26665798,-0.2
856,4,3BN9,B:D217A,0.95789266,0.57
861,4,3BN9,B:F60EA,-0.35660678,-0.05
863,4,3BN9,B:F97A,2.8576546,6.7
864,4,3BN9,B:H143A,1.0367659,0.09
866,4,3BN9,B:I60A,0.5534039,0.84
867,4,3BN9,B:K224A,1.1890292,0.79
869,4,3BN9,B:N95A,1.3165239,0.77
874,4,3BN9,B:Q38A,0.24321358,-0.42
877,4,3BN9,B:R60FA,-0.460105,-0.07
879,4,3BN9,B:T150A,0.26651987,0.29
889,4,3BN9,D:T98R,0.54199517,-0.06
894,4,3HFM,H:C95FY:K96A,9.216467,8.0
896,4,3HFM,H:C95FY:Y20A,7.3549614,6.18
897,4,3HFM,H:D32AY:K97A,4.9508176,4.6
900,4,3HFM,H:D32NY:K97M,3.6247213,0.3
904,4,3HFM,H:Y50AY:R21A,7.5161643,8.0
907,4,3HFM,L:Y50AY:K96A,10.28266,8.0
917,4,3HFM,H:C95A,4.015012,5.52
924,4,3HFM,L:N31A,4.605432,5.22
932,4,3HFM,L:Y96A,3.1474776,2.71
938,4,3HFM,Y:Y20A,6.375524,4.87
946,4,3NGB,H:A56GH:V57TH:P62KH:V73T,-0.48564607,1.67
947,4,3NGB,H:C32SH:C98A,0.6428892,0.26
950,4,3NGB,H:A56G,-0.052826703,-0.06
960,4,3NGB,H:Y74S,-0.7289787,0.33
963,4,3NPS,A:D60BA,-0.2914018,1.08
965,4,3NPS,A:E169A,-0.0155540295,0.62
987,4,3NPS,A:Y60GA,-0.19416901,0.46
996,4,3WJJ,A:I332EB:I332E,-0.60205805,-0.81
1000,4,3WJJ,A:S239DB:S239DA:S298AB:S298AA:I332EB:I332E,-0.43717325,-1.08
1002,4,3WJJ,A:S239EB:S239EA:I332EB:I332E,-1.4803965,-0.74
1004,4,3WJJ,A:S239QB:S239QA:I332EB:I332E,-1.6576855,-0.92
1011,4,3WJJ,A:Y296EB:Y296E,0.006784767,-0.06
1026,4,HM_1KTZ,B:L27A,1.3306854,1.8
1032,4,HM_1KTZ,B:T51A,0.6594972,1.5
1038,4,HM_1YY9,H:R97D,1.2050219,-0.99
1044,4,HM_1YY9,H:Y32R,-0.20954952,-0.13
1045,4,HM_1YY9,L:A25V,-0.11439508,-0.62
1048,4,HM_1YY9,L:T97C,-0.25845948,-0.51
1049,4,HM_1YY9,L:T97D,-0.104649246,-0.66
1061,4,HM_2NYY,A:P1063A,0.7375207,0.24
1062,4,HM_2NYY,A:R1061A,0.010226846,0.58
1065,4,HM_2NYY,A:S954A,0.13350633,-0.66
1079,4,HM_2NZ9,A:F953A,1.1677212,1.53
1081,4,HM_2NZ9,A:K915A,0.26852912,-0.31
1085,4,HM_2NZ9,A:N957A,0.086859584,0.01
1087,4,HM_2NZ9,A:R1061A,0.36626935,0.58
1094,4,HM_3BN9,H:S30G,0.67233706,0.71
1098,4,HM_3BN9,H:T98R,0.06601372,-1.57
